8.670838680026002887e-01 1.177518661400075717e-01
8.672068490978059874e-01 1.188306463736465146e-01
8.673298301930115750e-01 1.241881856149441021e-01
8.674528112882171627e-01 1.308673744842446252e-01
8.675757923834228613e-01 1.355371175214020174e-01
8.676987734786285600e-01 1.399403371450145261e-01
8.678217545738341476e-01 1.478686253772057979e-01
8.679447356690397353e-01 1.565301881572959131e-01
8.680677167642454339e-01 1.631924762764664916e-01
8.681906978594511326e-01 1.712997759914394180e-01
8.683136789546567202e-01 1.793406809679727321e-01
8.684366600498623079e-01 1.910205820563062318e-01
8.685596411450680066e-01 1.961282190006028436e-01
8.686826222402737052e-01 2.134511809618035993e-01
8.688056033354794039e-01 2.235531249354090200e-01
8.689285844306849915e-01 2.380964710893032077e-01
8.690515655258905792e-01 2.480542762023167924e-01
8.691745466210962778e-01 2.693759596295062231e-01
8.692975277163019765e-01 2.859497165039543987e-01
8.694205088115075641e-01 3.054068981015580775e-01
8.695434899067131518e-01 3.163218990482277171e-01
8.696664710019188504e-01 3.534637632528241369e-01
8.697894520971245491e-01 3.720198269099421751e-01
8.699124331923301368e-01 4.019314220100396184e-01
8.700354142875357244e-01 4.336698275920998213e-01
8.701583953827414231e-01 4.722821304925082231e-01
8.702813764779471217e-01 5.260615444172946908e-01
8.704043575731528204e-01 5.640436471090595205e-01
8.705273386683584080e-01 6.207194546659424716e-01
8.706503197635639957e-01 6.944725263266837700e-01
8.707733008587696943e-01 7.467570669710354991e-01
8.708962819539753930e-01 8.460541474142786456e-01
8.710192630491809807e-01 9.676396535696056844e-01
8.711422441443865683e-01 1.058004005087003208e+00
8.712652252395922670e-01 1.211905231241019010e+00
8.713882063347979656e-01 1.376071907111297676e+00
8.715111874300035533e-01 1.615352981264072341e+00
8.716341685252092519e-01 1.903944415181811678e+00
8.717571496204148396e-01 2.193499552858945378e+00
8.718801307156205382e-01 2.732469156305093350e+00
8.720031118108262369e-01 3.355824262225386434e+00
8.721260929060318245e-01 4.167037601092044241e+00
8.722490740012374122e-01 5.438770341511254713e+00
8.723720550964431109e-01 7.372627411750080739e+00
8.724950361916488095e-01 1.043576660324314531e+01
8.726180172868543972e-01 1.652500103398894282e+01
8.727409983820599848e-01 2.860321156160446776e+01
8.728639794772656835e-01 6.676222201555532365e+01
8.729869605724713821e-01 3.794524676938523839e+02
8.731099416676769698e-01 4.178138636574241900e+03
8.732329227628826684e-01 1.200532306608908584e+03
8.733559038580882561e-01 9.365295143473122152e+01
8.734788849532939548e-01 3.620546699731130502e+01
8.736018660484996534e-01 1.895442379174528469e+01
8.737248471437052411e-01 1.196459339845478098e+01
8.738478282389108287e-01 8.183121900624428235e+00
8.739708093341165274e-01 5.782831485415954376e+00
8.740937904293222260e-01 4.560871380158459942e+00
8.742167715245278137e-01 3.472976133078191197e+00
8.743397526197334013e-01 2.929244607604232442e+00
8.744627337149391000e-01 2.358200349716753408e+00
8.745857148101447986e-01 1.977902582655588049e+00
8.747086959053503863e-01 1.687776787196526129e+00
8.748316770005560850e-01 1.486180877092010633e+00
8.749546580957616726e-01 1.250060129666962894e+00
8.750776391909673713e-01 1.086178578600083711e+00
8.752006202861730699e-01 9.624133449588043732e-01
8.753236013813786576e-01 8.801384208099989337e-01
8.754465824765842452e-01 7.785364189630854526e-01
8.755695635717899439e-01 7.259758737191077671e-01
8.756925446669956425e-01 6.478624684195892769e-01
8.758155257622012302e-01 5.832539783377796994e-01
8.759385068574068178e-01 5.360763623129969346e-01
8.760614879526125165e-01 4.910884368673578138e-01
8.761844690478182152e-01 4.579796289099249407e-01
8.763074501430239138e-01 4.183704524066342856e-01
8.764304312382295015e-01 3.863228698901366442e-01
8.765534123334350891e-01 3.590867768407406402e-01
8.766763934286407878e-01 3.334320461190145579e-01
8.767993745238464864e-01 3.131763952105757198e-01
8.769223556190520741e-01 2.951140760433190735e-01
8.770453367142576617e-01 2.737795010425543296e-01
8.771683178094633604e-01 2.647538668352353852e-01
8.772912989046690591e-01 2.416470910175121389e-01
8.774142799998746467e-01 2.335024739877553657e-01
8.775372610950802343e-01 2.152292857754218858e-01
8.776602421902859330e-01 2.062192380390115432e-01
8.777832232854916317e-01 1.923298057809006423e-01
8.779062043806973303e-01 1.863246665843689698e-01
8.780291854759029180e-01 1.727339575072619482e-01
8.781521665711085056e-01 1.686697175928202341e-01
8.782751476663142043e-01 1.604118840095907217e-01
8.783981287615199030e-01 1.542826977265576716e-01
8.785211098567254906e-01 1.429622333516817889e-01
8.786440909519310782e-01 1.365957521702512167e-01
8.787670720471367769e-01 1.318995175051895785e-01
8.788900531423424756e-01 1.280984215518401470e-01
8.790130342375480632e-01 1.222801784806506475e-01
8.791360153327536509e-01 1.162684320952394046e-01
8.792589964279593495e-01 1.118884384059128934e-01
